1000 23773
2000 118944
3000 326774
4000 616901
5000 1042686
6000 1554676
7000 2207132
8000 2877038
9000 3684082
10000 4739173
11000 5787794
12000 6897557
13000 8235636
14000 9638630
15000 11004001
16000 12738114
17000 14296989
18000 16247638
19000 18080567
20000 20213111
21000 22465676
22000 24743024
23000 26766546
24000 29116402
25000 31822457
26000 34588916
27000 37246616
28000 40599395
29000 43575801
30000 46783796
31000 49795596
32000 53307056
33000 56448054
34000 60006960
35000 63933477
36000 68043704
37000 72428791
38000 75600987
39000 79439545
40000 84484304
41000 88606794
42000 92878210
43000 96624392
44000 101869083
45000 106873721
46000 111171622
47000 116827111
48000 121559783
49000 127027319
50000 131702452
51000 137828485
52000 143795986
53000 149083539
54000 154840087
55000 160067589
56000 165669461
57000 172951771
58000 179856475
59000 184347247
60000 191176060
61000 197628128
62000 204157765
63000 212096373
64000 217948552
65000 225845307
66000 231918637
67000 239879911
68000 247088945
69000 254515653
70000 259735537
71000 268367855
72000 277545309
73000 287286938
74000 293812403
75000 301350489
76000 310442782
77000 317249032
78000 326696198
79000 333062013
80000 345712872
81000 352738431
82000 361106762
83000 368632356
84000 380118014
85000 385601394
86000 396775185
87000 406134348
88000 414818802
89000 425202549
90000 433544895
91000 447961272
92000 453744830
